image_width: 1280
image_height: 1024
camera_name: 31703351
camera_matrix:
  rows: 3
  cols: 3
  data: [837.5037092207004, 0, 662.9204052884027, 0, 839.579338902209, 494.6225126691987, 0, 0, 1]
distortion_model: plumb_bob
distortion_coefficients:
  rows: 1
  cols: 5
  data: [-0.203874749315173, 0.06933323373213753, -5.623734739233855e-05, 1.483520447826275e-05, 0]
rectification_matrix:
  rows: 3
  cols: 3
  data: [0.9992627181708724, 0.0003662409939474336, 0.03839122219067756, -0.0002555901340691113, 0.9999957997701783, -0.002887060041824097, -0.03839211829846052, 0.002875119047288878, 0.9992586146453886]
projection_matrix:
  rows: 3
  cols: 4
  data: [781.6422486057578, 0, 602.7566757202148, 0, 0, 781.6422486057578, 495.7184104919434, 0, 0, 0, 1, 0]