image_width: 1280
image_height: 1024
camera_name: 32703551
camera_matrix:
  rows: 3
  cols: 3
  data: [834.9520576869079, 0, 647.1472099585249, 0, 837.5534589554452, 496.6406508623183, 0, 0, 1]
distortion_model: plumb_bob
distortion_coefficients:
  rows: 1
  cols: 5
  data: [-0.204027513710844, 0.06547445161106868, -0.00020362812226279, -0.0001357720465586864, 0]
rectification_matrix:
  rows: 3
  cols: 3
  data: [0.9989180218560169, 0.002214433643935637, 0.04645300738271824, -0.002348320617245161, 0.999993244367533, 0.002827827712944286, -0.04644643152644658, -0.002933854620133798, 0.9989164737331782]
projection_matrix:
  rows: 3
  cols: 4
  data: [781.6422486057578, 0, 602.7566757202148, -116.2109848167304, 0, 781.6422486057578, 495.7184104919434, 0, 0, 0, 1, 0]