image_width: 1280
image_height: 1024
camera_name: narrow_stereo/right
camera_matrix:
  rows: 3
  cols: 3
  data: [826.46127, 0, 646.595343, 0, 829.036486, 489.829978, 0, 0, 1]
distortion_model: plumb_bob
distortion_coefficients:
  rows: 1
  cols: 5
  data: [-0.211143, 0.071465, -0.000596, -0.0009379999999999999, 0]
rectification_matrix:
  rows: 3
  cols: 3
  data: [0.999999, 0.0007149999999999999, 0.00141, -0.0007159999999999999, 0.999999, 0.000834, -0.00141, -0.0008349999999999999, 0.999999]
projection_matrix:
  rows: 3
  cols: 4
  data: [771.956455, 0, 656.362045, -114.543496, 0, 771.956455, 491.006058, 0, 0, 0, 1, 0]